-6.919089019753724301e+01
-6.919089019753724301e+01
-6.919089019753724301e+01
-6.919089023201360078e+01
-6.919089044270248223e+01
-6.919089050020984644e+01
-6.919089058060740172e+01
-6.919089058060849595e+01
-6.919089211289603725e+01
-6.919089632667298417e+01
-6.919092123112169190e+01
-6.919092766278961903e+01
-6.919093655465304948e+01
-6.919093655988179137e+01
-6.919110518504933793e+01
-6.919153429155677770e+01
-6.919411490285416733e+01
-6.919477221965273372e+01
-6.919566649836968963e+01
-6.919570797712913190e+01
-6.919816001855879506e+01
-6.920010810424521708e+01
-6.921129889413420244e+01
-6.921455705074450293e+01
-6.921760722030836632e+01
-6.921637132753205890e+01
-6.922316629939319910e+01
-6.922755286505280026e+01
-6.925072412685609891e+01
-6.925621839846056105e+01
-6.926207321143104423e+01
-6.926063575686124807e+01
-6.927163452694385626e+01
-6.927778634925489598e+01
-6.930847664972462496e+01
-6.931439732865169390e+01
-6.932141116295183281e+01
-6.932085476782744138e+01
-6.933501167739832738e+01
-6.934193199016890219e+01
-6.937440910763305624e+01
-6.937980941342416941e+01
-6.938597866141935810e+01
-6.938552084282018484e+01
-6.940127096528230766e+01
-6.940498434313921905e+01
-6.940886033443312897e+01
-6.940152596309637545e+01
-6.939471954409398791e+01
-6.940030967347728108e+01
-6.939725478613488008e+01
-6.940089512727952581e+01
-6.941241263844815990e+01
-6.941101760867847759e+01
-6.940994546789153219e+01
-6.941190947364796671e+01
-6.940879374835755300e+01
-6.940254768135193331e+01
-6.936295668776152468e+01
-6.935189471505672998e+01
-6.933706940064723767e+01
-6.934492267644300512e+01
-6.941026144949340448e+01
-6.940813331981449608e+01
-6.939550952501889469e+01
-6.939232387196922502e+01
-6.938802488216114739e+01
-6.938812401828307941e+01
-6.937998630015482604e+01
-6.937428997673181641e+01
-6.934356432676595716e+01
-6.933704976941297105e+01
-6.932442102204575463e+01
-6.932373152998640364e+01
-6.930382341598058815e+01
-6.929052588570633020e+01
-6.922577426784735621e+01
-6.921877185732421367e+01
-6.920229559332169345e+01
-6.919334031004123631e+01
-6.916339474192183445e+01
-6.914672431308190426e+01
-6.906101422350141661e+01
-6.904443030187006514e+01
-6.902341407869106149e+01
-6.902398889427543338e+01
-6.898465040208016319e+01
-6.896305271374457391e+01
-6.885299554592711502e+01
-6.883277761365876302e+01
-6.880619013681646834e+01
-6.880548544085263529e+01
-6.874176121924759286e+01
-6.870662828569125224e+01
-6.852775159622080992e+01
-6.849554210243007901e+01
-6.845213986774031412e+01
-6.844986114374152919e+01
-6.834947950075496692e+01
-6.829442059132011877e+01
-6.801401646714809601e+01
-6.796414491252538426e+01
-6.789621362422931838e+01
-6.789178897366308263e+01
-6.772807243109116371e+01
-6.763874451901325813e+01
-6.718267699745676680e+01
-6.710248904302544304e+01
-6.699183810290558938e+01
-6.698321830770916563e+01
-6.674113350636035591e+01
-6.661125210143832476e+01
-6.594706873808013370e+01
-6.583146826654183315e+01
-6.567147684788749018e+01
-6.565851539269056047e+01
-6.526108732253808853e+01
-6.505142142942652583e+01
-6.399418306182975869e+01
-6.382954961023598628e+01
-6.357741684382121150e+01
-6.353484961870463366e+01
-6.543722738674591710e+01
-6.532315674622891777e+01
-6.474454488535958774e+01
-6.464411216607923905e+01
-6.450994020380419158e+01
-6.450237744295327502e+01
-6.425945418022779165e+01
-6.413697973244219952e+01
-6.352125913142965885e+01
-6.341826056555051139e+01
-6.329178095760297396e+01
-6.328216936209833676e+01
-6.432602200925398961e+01
-6.423729268377503843e+01
-6.379043544300879631e+01
-6.371305727478089409e+01
-6.361220197408574961e+01
-6.360811221196436804e+01
-6.437308583342689872e+01
-6.430813688234719905e+01
-6.398113699276976973e+01
-6.392362799483233005e+01
-6.385005707481877835e+01
-6.384847826494408451e+01
-6.371561482257042286e+01
-6.364941034243182116e+01
-6.331689373626676343e+01
-6.325473707076605479e+01
-6.317990186153711107e+01
-6.318723023331278199e+01
-6.372984789225422020e+01
-6.367071140952410957e+01
-6.337370092966013146e+01
-6.332158235411056779e+01
-6.325775609080422157e+01
-6.325699645685588024e+01
-6.374792180539178332e+01
-6.369776974058549257e+01
-6.344593124647452242e+01
-6.340154435614508799e+01
-6.334728376773010439e+01
-6.334689601084072308e+01
-6.376132534133994056e+01
-6.371784241264982285e+01
-6.349954931742684039e+01
-6.346097190939854471e+01
-6.341381147951243946e+01
-6.341360649284142426e+01
-6.377132086826165391e+01
-6.373281475652070327e+01
-6.353955583966732945e+01
-6.350534532834416979e+01
-6.346349409062511882e+01
-6.346338362442610048e+01
-6.339436595936405183e+01
-6.336049397711421705e+01
-6.318987414225045995e+01
-6.315843234220022850e+01
-6.312104930762801303e+01
-6.312301403553075119e+01
-6.299367818623392878e+01
-6.293061553820938059e+01
-6.260743461645761698e+01
-6.254154569361124771e+01
-6.247096463774719410e+01
-6.248448909193996315e+01
-6.300970018131282302e+01
-6.295426967089225201e+01
-6.267176557527709235e+01
-6.261611708753387973e+01
-6.255422632339288214e+01
-6.256290606531957366e+01
-6.245709467135721837e+01
-6.240481781610706946e+01
-6.214259366312753485e+01
-6.209653501721413704e+01
-6.203865735175929785e+01
-6.203790366186863281e+01
-6.192719025812497335e+01
-6.187257835896593150e+01
-6.159809006986727553e+01
-6.154914074223524523e+01
-6.148855148958654837e+01
-6.148895783870144527e+01
-6.133128567035974754e+01
-6.125377267137981363e+01
-6.086177784083771769e+01
-6.079028148120786312e+01
-6.070384231290825738e+01
-6.070650788806320008e+01
-6.050490737051370616e+01
-6.040510621555016968e+01
-5.989418494415927796e+01
-5.979662127592236942e+01
-5.968301539143989487e+01
-5.969124587746018307e+01
-5.943386265621982290e+01
-5.930287185282081452e+01
-5.858349895148931807e+01
-5.831787192872231174e+01
-5.811097767414477744e+01
-5.834371490208544486e+01
-5.960456706136127991e+01
-5.956097240331128972e+01
-5.934100105064023722e+01
-5.931023093957972492e+01
-5.926746203596291451e+01
-5.924971574771598881e+01
-5.915961025188914135e+01
-5.911423772896580431e+01
-5.888780968196904553e+01
-5.884941087067448962e+01
-5.879847326373714367e+01
-5.879539895487106094e+01
-5.865346732008109853e+01
-5.858263271891718205e+01
-5.822826293497461592e+01
-5.817010781840323119e+01
-5.809134564739974849e+01
-5.808266222103383569e+01
-5.793068948330590473e+01
-5.785431054593378519e+01
-5.746494310566345121e+01
-5.739058690459678047e+01
-5.730331590792839336e+01
-5.730944228949195463e+01
-5.716142092341328862e+01
-5.708628597745887845e+01
-5.670501671334034199e+01
-5.663388987264188756e+01
-5.654734370777752872e+01
-5.655088615538210917e+01
-5.639807477056510976e+01
-5.632040539366045806e+01
-5.592803855278077663e+01
-5.585680494601774626e+01
-5.576756139160752213e+01
-5.576843207249896039e+01
-5.560417071316221183e+01
-5.552095604933578699e+01
-5.510212291742591617e+01
-5.502781352171686535e+01
-5.493278085019667856e+01
-5.493145159777362352e+01
-5.473219575193703434e+01
-5.463179632777687544e+01
-5.412804410394979016e+01
-5.404077974827512776e+01
-5.392685759580758287e+01
-5.392258965696133544e+01
-5.364778831123739167e+01
-5.351071206365185162e+01
-5.282614372491750032e+01
-5.271260814913510728e+01
-5.255880628610973559e+01
-5.254655587995729604e+01
-5.227714295186747506e+01
-5.214458126864644072e+01
-5.148147818218125593e+01
-5.136948728145559073e+01
-5.122325773881914301e+01
-5.121501389915270863e+01
-5.095965047034054862e+01
-5.083477604583422504e+01
-5.020857163269855761e+01
-5.009961621512197638e+01
-4.996237561500571900e+01
-4.995995359814332204e+01
-4.960478362209143910e+01
-4.943348471917896347e+01
-4.857197656013744336e+01
-4.842182216654731519e+01
-4.823488566719724702e+01
-4.823286056984491665e+01
-4.789518435327529744e+01
-4.773206972173611007e+01
-4.690694183532993833e+01
-4.675836243392678426e+01
-4.657894134410647524e+01
-4.658330140337872649e+01
-4.796650674233139000e+01
-4.783689186271496396e+01
-4.718349663620689682e+01
-4.706647053942103298e+01
-4.692357302982217959e+01
-4.692603383620142665e+01
-4.666703725120764545e+01
-4.654032011710811645e+01
-4.589961049023915507e+01
-4.578317414117296380e+01
-4.564225069291466497e+01
-4.564650105304442462e+01
-4.538717547500291971e+01
-4.525944261376798039e+01
-4.461261083981062114e+01
-4.449454341344613795e+01
-4.435121548088711307e+01
-4.435566061892811973e+01
-4.409517300726395206e+01
-4.396615862154580157e+01
-4.331322970118094418e+01
-4.319483478464004378e+01
-4.304932046852992045e+01
-4.305227311665932888e+01
-4.276350888632745750e+01
-4.262034566293279170e+01
-4.189708753038385680e+01
-4.176818122830500357e+01
-4.160629690573361472e+01
-4.160640407305857025e+01
-4.126830439548079710e+01
-4.110144049637929697e+01
-4.025998895522766929e+01
-4.011396309321619924e+01
-3.992584462576195392e+01
-3.992048989642530898e+01
-4.137183058312449191e+01
-4.125560350089629225e+01
-4.067046699048724179e+01
-4.056755301447562090e+01
-4.043705604667423614e+01
-4.043524441206315601e+01
-4.020114399895521728e+01
-4.008549216764080825e+01
-3.950357476401334367e+01
-3.940165712282583854e+01
-3.927216549064626605e+01
-3.926995330923301708e+01
-3.899339911246848089e+01
-3.885762310026047572e+01
-3.817407869952634059e+01
-3.805571990596504151e+01
-3.790386527964580665e+01
-3.789956649790477883e+01
-3.760895170937169496e+01
-3.746698412428518310e+01
-3.675031435795734325e+01
-3.662580827404384820e+01
-3.646706131255188410e+01
-3.646304276941096134e+01
-3.618814220852462427e+01
-3.605382710302033189e+01
-3.537363595245847137e+01
-3.525375925942724109e+01
-3.510287283401015657e+01
-3.510129810707779541e+01
-3.478910484178230433e+01
-3.463677028227736798e+01
-3.386069449552970667e+01
-3.372272635010943986e+01
-3.354991363363419765e+01
-3.354904794106311527e+01
-3.484405714114138419e+01
-3.471800533560296032e+01
-3.407810503614333442e+01
-3.396424508592257752e+01
-3.382182827992600949e+01
-3.382150498253281512e+01
-3.356268365924609753e+01
-3.343546800234714311e+01
-3.278770962069006600e+01
-3.267157613333722566e+01
-3.252680626532263375e+01
-3.252718596990587230e+01
-3.359680088769113127e+01
-3.348611005822959896e+01
-3.292396246904221613e+01
-3.282330977541382566e+01
-3.269777591386625915e+01
-3.269808748212840044e+01
-3.247003996495870126e+01
-3.235736961608343165e+01
-3.178408087383943226e+01
-3.168103169471759273e+01
-3.155254420886146960e+01
-3.155305150038633499e+01
-3.133300875350542825e+01
-3.122390740291915634e+01
-3.066859982051029831e+01
-3.056863674200968006e+01
-3.044382667483638372e+01
-3.044427480862877644e+01
-3.020941856539004178e+01
-3.009271248169250512e+01
-2.949770836730927215e+01
-2.939044104730275819e+01
-2.925626538436306845e+01
-2.925661978753383963e+01
-2.901492719217842264e+01
-2.889456913550333184e+01
-2.828064019959165165e+01
-2.816998758595462604e+01
-2.803122460233924684e+01
-2.803132731624375040e+01
-2.779618983576977342e+01
-2.767890914265633029e+01
-2.708124578947746031e+01
-2.697370792929361727e+01
-2.683854830878159348e+01
-2.683836524276753721e+01
-2.656901817125087106e+01
-2.643458750125317991e+01
-2.574802159238885579e+01
-2.562448215283747288e+01
-2.546875000663791511e+01
-2.546816155017254246e+01
-2.517076368369174233e+01
-2.502225471962462677e+01
-2.426267548359611936e+01
-2.412605183346531490e+01
-2.395339111436021184e+01
-2.395235452078858884e+01
-2.362805495458112759e+01
-2.346604987088326766e+01
-2.263642348551277905e+01
-2.248721572555485793e+01
-2.229832638390361410e+01
-2.229689729440683621e+01
-2.194909646694136995e+01
-2.177529056765645876e+01
-2.088448265209469668e+01
-2.072420939679679819e+01
-2.052119018313180021e+01
-2.051954489580183250e+01
-2.015031014490415373e+01
-1.996572864213849385e+01
-1.901923871100209595e+01
-1.884883528163743449e+01
-1.863301930216503877e+01
-1.863131382227653532e+01
-1.824071374637471266e+01
-1.804539380493288192e+01
-1.704368744126724522e+01
-1.686324811123673584e+01
-1.663481813821511679e+01
-1.663311287616295786e+01
-1.622085942798839753e+01
-1.601468230048253005e+01
-1.495752998922139909e+01
-1.476708302836175157e+01
-1.452609362809676519e+01
-1.452439025856097921e+01
-1.408911669069486550e+01
-1.387145144451446654e+01
-1.275602167488125893e+01
-1.255516736400114119e+01
-1.230110029903786462e+01
-1.229935279511743929e+01
-1.183935328307608792e+01
-1.160942807057933912e+01
-1.043221583183817280e+01
-1.022046079583187073e+01
-9.952677047156889500e+00
-9.950822121747817661e+00
-9.465742688659327442e+00
-9.223489341708386746e+00
-7.984716756228881884e+00
-7.762255567589502192e+00
-7.481012941272828343e+00
-7.479008079802094144e+00
-6.968278493279576047e+00
-6.713542841109418902e+00
-5.412966628411134629e+00
-5.179886175282713445e+00
-4.885365983273132429e+00
-4.883212590725469759e+00
-4.345064740540106385e+00
-4.077121503610010578e+00
-2.711582572735837804e+00
-2.467483539732848730e+00
-2.159216961597467233e+00
-2.156872102590310369e+00
-1.592300584689107401e+00
-1.311826681653379234e+00
1.145271029907048987e-01
3.687470019173527680e-01
6.895171119884393462e-01
6.920211162142676509e-01
1.282999335313473654e+00
1.575782375085073905e+00
3.061157915806822061e+00
3.325020228376983855e+00
3.657567640674720622e+00
3.660192915550719128e+00
4.275881921018698684e+00
4.579894022490083927e+00
6.118086072349870896e+00
6.390350422666658758e+00
6.732927542174786062e+00
6.735571283583517754e+00
7.373047459797879455e+00
7.686587653339961967e+00
9.268336031987001178e+00
9.547314479653149277e+00
9.897485271178329214e+00
9.899915177161135560e+00
1.055685231318744854e+01
1.087850429246052819e+01
1.249600667787056985e+01
1.278023600893228107e+01
1.313594597258978602e+01
1.313796403305377858e+01
1.381278035085071210e+01
1.414144107778851023e+01
1.578865797693381623e+01
1.607710594562247408e+01
1.643660911859630147e+01
1.643787791734147774e+01
1.712166489976328876e+01
1.745277202861688437e+01
1.910651256011035670e+01
1.939539239171186935e+01
1.975338393196361153e+01
1.975326046116495249e+01
2.046167623913090594e+01
2.080211564876266905e+01
2.249630995519464705e+01
2.279168492601754537e+01
2.315475568938926898e+01
2.315246316333410803e+01
2.390448018808676167e+01
2.426209257161079336e+01
2.603454905328517555e+01
2.634363896957540163e+01
2.671837934586773144e+01
2.671176161844593011e+01
2.768888317722489489e+01
2.814029608881459410e+01
3.036323702306737005e+01
3.075506328408112466e+01
3.120783749952438413e+01
3.118153633668340774e+01
2.732765424773510432e+01
2.762088419926449845e+01
2.907123542678701966e+01
2.932484626945040418e+01
2.963136743505104320e+01
2.962462722694411710e+01
3.017284665395673571e+01
3.043342305705526485e+01
3.171976623311200782e+01
3.194498696232989232e+01
3.221605006763563495e+01
3.220882050691473353e+01
3.266384840522675859e+01
3.288061853100554544e+01
3.394984136304428546e+01
3.413705409768453336e+01
3.436272330776341022e+01
3.435690154780240846e+01
3.259548265514622045e+01
3.278105917964234095e+01
3.369795725858233482e+01
3.385839528594356551e+01
3.405353308422550640e+01
3.405001148578087822e+01
3.439881843978591291e+01
3.456617866597841271e+01
3.539239207854511449e+01
3.553694878075452834e+01
3.571264618495442988e+01
3.570931300042587964e+01
3.603389093665668241e+01
3.618936763134313139e+01
3.695609588641617904e+01
3.709018784335506780e+01
3.725285365520922198e+01
3.724950353436850037e+01
3.755283739825648581e+01
3.769783034952461520e+01
3.841209113331002811e+01
3.853703031670885792e+01
3.868812800850614764e+01
3.868459849621132207e+01
3.894996507474163394e+01
3.907688558068615237e+01
3.970193089240651574e+01
3.981125606694976682e+01
3.994351047371115726e+01
3.994045349409702084e+01
4.017563575294703071e+01
4.028812925109645704e+01
4.084195676982846379e+01
4.093887106911287077e+01
4.105601048823666588e+01
4.105320588343064969e+01
4.125891130250439431e+01
4.135738171167518118e+01
4.184214612538440292e+01
4.192704154390171567e+01
4.202961118182643219e+01
4.202710231958761966e+01
4.220717204937945155e+01
4.229345469154735326e+01
4.271823899549762160e+01
4.279272723952048807e+01
4.288265221899933977e+01
4.288036383508222826e+01
4.303736759553570579e+01
4.311270258742533912e+01
4.348360753389347622e+01
4.354869699994532084e+01
4.362729279956117523e+01
4.362529188592630192e+01
4.376490046907727560e+01
4.383194043386889405e+01
4.416194002402747998e+01
4.421990656045985446e+01
4.428984411716707825e+01
4.428799553199380767e+01
4.440938157048657331e+01
4.446777193073837253e+01
4.475517470598453684e+01
4.480566143033108517e+01
4.486665216140679746e+01
4.486509877820922298e+01
4.497456999991510429e+01
4.502723998584932730e+01
4.528630793515650055e+01
4.533180149402593884e+01
4.538675019204168848e+01
4.538533810625928311e+01
4.548588136336793042e+01
4.553421262364548028e+01
4.577164610537541023e+01
4.581330049563049300e+01
4.586356362874153092e+01
4.586223330554329181e+01
4.595333113888683130e+01
4.599707522219542710e+01
4.621166080518841568e+01
4.624923221521260785e+01
4.629456115790248560e+01
4.629337233880497138e+01
4.637507353278324729e+01
4.641424494290472325e+01
4.660607507430118090e+01
4.663957640323537390e+01
4.667998646734045565e+01
4.667894569880600386e+01
4.675140667371724845e+01
4.678607730815454602e+01
4.695555409093616106e+01
4.698508103101168842e+01
4.702065851435457944e+01
4.701973518570353150e+01
4.708342135569085229e+01
4.711381744560789997e+01
4.726211377499282662e+01
4.728792354808781795e+01
4.731892030391406934e+01
4.731804333421866460e+01
4.737289822972920206e+01
4.739902192395286562e+01
4.752623553504811582e+01
4.754837451041308327e+01
4.757485283050906588e+01
4.757401348673253949e+01
4.762080672840139073e+01
4.764304457501953749e+01
4.775111644671258659e+01
4.776995034245062044e+01
4.779234111393219564e+01
4.779150802370252649e+01
4.783036107734506004e+01
4.784880849910376810e+01
4.793828254791078791e+01
4.795389760855475458e+01
4.797237256417061246e+01
4.797159584922823683e+01
4.800408872584785769e+01
4.801949329257354293e+01
4.809398766480349252e+01
4.810700062351100570e+01
4.812230771919275440e+01
4.812157480975531598e+01
4.814829313792753851e+01
4.816094375863024624e+01
4.822189295631454087e+01
4.823253176481127724e+01
4.824498842350811856e+01
4.824433814867533243e+01
4.826592770590257686e+01
4.827613493024161073e+01
4.832507043427991533e+01
4.833358558248365711e+01
4.834352403433768330e+01
4.834297626186924646e+01
4.836000229409723516e+01
4.836803448507038894e+01
4.840629889018659071e+01
4.841291549436136421e+01
4.842062025279818727e+01
4.842019008714204631e+01
4.843350092214333102e+01
4.843975070537236860e+01
4.846924610389486787e+01
4.847430797243720946e+01
4.848015998179148056e+01
4.847980459704469069e+01
4.848981371333148616e+01
4.849447802616514736e+01
4.851619222575802581e+01
4.851988036792045733e+01
4.852408969449721354e+01
4.852379488583292755e+01
4.853097833783525061e+01
4.853428121573414700e+01
4.854930776162698436e+01
4.855182564236733356e+01
4.855461531334428571e+01
4.855435189191937440e+01
4.855903815713076455e+01
4.856113833840292671e+01
4.857026272022199720e+01
4.857175997277243340e+01
4.857329580051631268e+01
4.857304197155410463e+01
4.857548722458651014e+01
4.857651324210893762e+01
4.858038556909043137e+01
4.858097653712138708e+01
4.858140557273340931e+01
4.858116493080896703e+01
4.858165665876737194e+01
4.858174949234085460e+01
4.858106524383542535e+01
4.858087576755976045e+01
4.858034745510395425e+01
4.858011241100624034e+01
4.857892573772830502e+01
4.857822349131626538e+01
4.857368365417940481e+01
4.857283172172237329e+01
4.857150650803438197e+01
4.857128937352497644e+01
4.856871577396560014e+01
4.856735867899836734e+01
4.855964728359643345e+01
4.855824461537376635e+01
4.855626802116869101e+01
4.855607710365814711e+01
4.855202371032667230e+01
4.854995156376347865e+01
4.853860485877797970e+01
4.853657233425992246e+01
4.853379527670200844e+01
4.853358113525134598e+01
4.852804313508332967e+01
4.852525842190634364e+01
4.851030562252762479e+01
4.850763860237788094e+01
4.850407758080739029e+01
4.850386234574462208e+01
4.849689909239951646e+01
4.849343082755029144e+01
4.847502873831009396e+01
4.847174362846941165e+01
4.846743739649295435e+01
4.846724158974517138e+01
4.845902020135456922e+01
4.845494671648268081e+01
4.843351891246619090e+01
4.842968509585422510e+01
4.842472994179900780e+01
4.842456738152988294e+01
4.841527420327530251e+01
4.841068259043383648e+01
4.838669749382268748e+01
4.838240639600120119e+01
4.837690495587161621e+01
4.837676703871388639e+01
4.836664875577090328e+01
4.836165897799023128e+01
4.833575634482236438e+01
4.833113764484276942e+01
4.832523453749360698e+01
4.832510181380860814e+01
4.831432516692696311e+01
4.830902122982895008e+01
4.828163138085115946e+01
4.827677151533811184e+01
4.827056318415896641e+01
4.827042195735547381e+01
4.825889214990277765e+01
4.825323265112705684e+01
4.822411073865500697e+01
4.821896936624861496e+01
4.821239958524937208e+01
4.821223927563884359e+01
4.819979838448976039e+01
4.819371104328103428e+01
4.816244996358157238e+01
4.815694745022836543e+01
4.814992519067779853e+01
4.814975062301059694e+01
4.813636307663578151e+01
4.812983164828776950e+01
4.809632024063758848e+01
4.809041843795833415e+01
4.808291878930147334e+01
4.808275361972286532e+01
4.814242765102763855e+01
4.813881513194333905e+01
4.812048265908007494e+01
4.811722025100406341e+01
4.811312445174737462e+01
4.811310675340995857e+01
4.810567582172167533e+01
4.810201149463921411e+01
4.808342699437327639e+01
4.808011921065736516e+01
4.807598279820160059e+01
4.807597141225407711e+01
4.810653842629358223e+01
4.810329426214581616e+01
4.808686688563703626e+01
4.808394207777330109e+01
4.808028180667975704e+01
4.808027215861569204e+01
4.810895661594506123e+01
4.810689756575645504e+01
4.809651860943205293e+01
4.809467046572539317e+01
4.809235762005658188e+01
4.809235606831187937e+01
4.808817575309055314e+01
4.808610191361277941e+01
4.807565949984597609e+01
4.807379320178035442e+01
4.807145541829879676e+01
4.807147335855280090e+01
4.806654529226463524e+01
4.806410563294009108e+01
4.805179100964600281e+01
4.804959141898406472e+01
4.804684883131087503e+01
4.804685758993792177e+01
4.803792389466693180e+01
4.803352745931210421e+01
4.801112370811524954e+01
4.800707488886089180e+01
4.800207599798289948e+01
4.800213391704390631e+01
4.799314865369442629e+01
4.798870302831436163e+01
4.796600368774489453e+01
4.796184354756126567e+01
4.795676682294188709e+01
4.795689180049542699e+01
4.794796581132607116e+01
4.794352845188015522e+01
4.792091258388801123e+01
4.791678093901272462e+01
4.791170403833307745e+01
4.791181072168691202e+01
4.790060851305403133e+01
4.789504755938589398e+01
4.786674775341630550e+01
4.786166911729112172e+01
4.785529456572359663e+01
4.785531550697810133e+01
4.790456311000832557e+01
4.790095606691775032e+01
4.788270215881376402e+01
4.787943924190778233e+01
4.787534534857014279e+01
4.787534421421158015e+01
4.786793728018528071e+01
4.786426202812265984e+01
4.784571270919827413e+01
4.784244251588070540e+01
4.783829093337021021e+01
4.783823597183668141e+01
4.783012943043299714e+01
4.782612845163642135e+01
4.780597124108002305e+01
4.780246619195585822e+01
4.779796636641010110e+01
4.779785154702111072e+01
4.778519926123572503e+01
4.777904898077265727e+01
4.774807569655767736e+01
4.774294292208654866e+01
4.773604857345625163e+01
4.773552613045318793e+01
4.772401332224919912e+01
4.771844891159194191e+01
4.769044405069860915e+01
4.768590855171954956e+01
4.767961309022059169e+01
4.767899457024874721e+01
4.772661040272505772e+01
4.772226790216333825e+01
4.770044572765536373e+01
4.769681074085099937e+01
4.769196419881230753e+01
4.769161415066199794e+01
4.768364122965477492e+01
4.767973864107381132e+01
4.765993053946350955e+01
4.765633224075423158e+01
4.765196143141996288e+01
4.765206777642291058e+01
4.764092477531684011e+01
4.763545463359253063e+01
4.760741784252838471e+01
4.760212506433424551e+01
4.759590734678113932e+01
4.759631983335889771e+01
4.758376488979745744e+01
4.757757321288611507e+01
4.754616494905945956e+01
4.754051569920659404e+01
4.753346550396425130e+01
4.753359221702768167e+01
4.752165202101441110e+01
4.751584114988330043e+01
4.748675915717021212e+01
4.748197054189234478e+01
4.747550960791622288e+01
4.747503712931193576e+01
4.746242867141098287e+01
4.745641569390222259e+01
4.742623532201439218e+01
4.742131512893431022e+01
4.741476264740348512e+01
4.741419552196339993e+01
4.740321508690800556e+01
4.739796239141352174e+01
4.737122979472712814e+01
4.736640491652342888e+01
4.736063271127216723e+01
4.736077000984183627e+01
4.735065715136516218e+01
4.734575091551544546e+01
4.732071882021588749e+01
4.731605168310871079e+01
4.731056368275012858e+01
4.731090293451645579e+01
4.729964725389628910e+01
4.729416510264506002e+01
4.726633770933864298e+01
4.726128985131579441e+01
4.725512309559724144e+01
4.725532923657205941e+01
4.724477881831862902e+01
4.723966161892604276e+01
4.721393841807796576e+01
4.720955481126603104e+01
4.720387479392255159e+01
4.720367140500702874e+01
4.719157571302865506e+01
4.718580601855300216e+01
4.715679174395013717e+01
4.715197152539192871e+01
4.714566920569718889e+01
4.714527015115492503e+01
4.719411526033179172e+01
4.718951122518618746e+01
4.716636411665990636e+01
4.716241381130866728e+01
4.715735926295450753e+01
4.715718310846840211e+01
4.714803605530794073e+01
4.714364248934269597e+01
4.712146395797665122e+01
4.711757457022638107e+01
4.711275609193297242e+01
4.711273749529128452e+01
4.710308743774754703e+01
4.709846175643335187e+01
4.707502588989370196e+01
4.707083358041130339e+01
4.706574468010642676e+01
4.706585044210598312e+01
4.705426402706991951e+01
4.704875244570578730e+01
4.702077211434708914e+01
4.701578031160632776e+01
4.700970591463130432e+01
4.700984394097650210e+01
4.699963023576508192e+01
4.699475438972159935e+01
4.697006884282369299e+01
4.696573876092027433e+01
4.696037369005552620e+01
4.696037110129960723e+01
4.695102365005094214e+01
4.694654871021523945e+01
4.692387422328912550e+01
4.691985365435689914e+01
4.691492827743712724e+01
4.691497861975544481e+01
4.690618983172662126e+01
4.690197506741076694e+01
4.688066583267018217e+01
4.687690744274220833e+01
4.687226505939551657e+01
4.687229498459751653e+01
4.686137637011556478e+01
4.685622769527388698e+01
4.683024982884022336e+01
4.682584431267226677e+01
4.682022057813556160e+01
4.682005605116357572e+01
4.686274017498107725e+01
4.685820108175275323e+01
4.683531366852799493e+01
4.683139163584897346e+01
4.682642385958610021e+01
4.682631955749687336e+01
4.681734505599821716e+01
4.681310632638547276e+01
4.679168896176964410e+01
4.678801177592718119e+01
4.678340398629902097e+01
4.678330451555832070e+01
4.677505994812319301e+01
4.677115549097442937e+01
4.675130637678999790e+01
4.674775284506942086e+01
4.674348849714201748e+01
4.674359105179198792e+01
4.673630631083078413e+01
4.673282462532956316e+01
4.671515577782686535e+01
4.671197906208482209e+01
4.670814169029835483e+01
4.670825508561308936e+01
4.669905462509223781e+01
4.669471861579094707e+01
4.667275028464745645e+01
4.666893487421952358e+01
4.666417451920711557e+01
4.666416999424472323e+01
4.665407828074265950e+01
4.664941195193524237e+01
4.662577500680222187e+01
4.662188394051180751e+01
4.661685916871704194e+01
4.661654290858481176e+01
4.665669029526354450e+01
4.665315996233083240e+01
4.663532579813022494e+01
4.663227890618605187e+01
4.662843756484203084e+01
4.662833863699827930e+01
4.662142217811928901e+01
4.661816208343517332e+01
4.660162752092423943e+01
4.659872843520378893e+01
4.659518181069677212e+01
4.659519153866047247e+01
4.658843971549367069e+01
4.658525811604588540e+01
4.656908357327304060e+01
4.656621069221979781e+01
4.656273468881736477e+01
4.656280119090620673e+01
4.655549986907232807e+01
4.655208297539127926e+01
4.653468157457059817e+01
4.653161669815950319e+01
4.652788683730498320e+01
4.652793097431671754e+01
4.655626289500403203e+01
4.655318154953987175e+01
4.653752313715058619e+01
4.653476181295337000e+01
4.653138968870739234e+01
4.653142719148184625e+01
4.652531498136827537e+01
4.652243330390855647e+01
4.650780852475040206e+01
4.650525079105935333e+01
4.650210074724363096e+01
4.650210486244083796e+01
4.649633141838584294e+01
4.649361545084894232e+01
4.647984713244612465e+01
4.647746185647742578e+01
4.647449902610047445e+01
4.647447390833163183e+01
4.646803950460561339e+01
4.646505705481161641e+01
4.644987390380329373e+01
4.644727010002804946e+01
4.644404126044255321e+01
4.644397977465370531e+01
4.643851100959631850e+01
4.643595721186353131e+01
4.642292276036236132e+01
4.642061529952948007e+01
4.641783401976353929e+01
4.641787579992833201e+01
4.641317390216563155e+01
4.641096063401535332e+01
4.639970219224456116e+01
4.639771951947061979e+01
4.639529338407979253e+01
4.639531629783871125e+01
4.639037563712683010e+01
4.638807027739449040e+01
4.637634761978365816e+01
4.637433356097331938e+01
4.637181904054014581e+01
4.637177665676536265e+01
4.636721844572029028e+01
4.636509573233367831e+01
4.635428250624742930e+01
4.635241400823204572e+01
4.635010558730733976e+01
4.635007610751533491e+01
4.634590486492676575e+01
4.634395888055972534e+01
4.633402746054522225e+01
4.633228628379687564e+01
4.633016237942612747e+01
4.633016996965346834e+01
4.632615246092646544e+01
4.632427940291636759e+01
4.631471384264040836e+01
4.631304000769834062e+01
4.631099195870603324e+01
4.631099566128908407e+01
4.630735041234665061e+01
4.630564721474060264e+01
4.629696394956629746e+01
4.629545557212183837e+01
4.629359162717497611e+01
4.629357873293712800e+01
4.629003276026362101e+01
4.628838297678371561e+01
4.627996754174235861e+01
4.627851913749227464e+01
4.627671770345841651e+01
4.627668614071441766e+01
4.627325064199910543e+01
4.627165787487157189e+01
4.626350802302237497e+01
4.626209584435991218e+01
4.626035879352881608e+01
4.626033919800508443e+01
4.625725421548722238e+01
4.625581763890711073e+01
4.624846689466927785e+01
4.624718114736013774e+01
4.624560701878461089e+01
4.624560637998160217e+01
4.624265532361908981e+01
4.624128282559873071e+01
4.623426658650755172e+01
4.623305503671839745e+01
4.623155062559977324e+01
4.623152872731000684e+01
4.622870594890252249e+01
4.622739694985900627e+01
4.622069942172186785e+01
4.621954895094407334e+01
4.621811735953295397e+01
4.621808622385995591e+01
4.621544121154416018e+01
4.621421510882326089e+01
4.620793167657673450e+01
4.620684491257216564e+01
4.620550246138283512e+01
4.620548281083107156e+01
4.620296010039506740e+01
4.620179143969106406e+01
4.619579619436890994e+01
4.619475878689846837e+01
4.619347733751029494e+01
4.619345917300419302e+01
4.619112098511084952e+01
4.619003659780663895e+01
4.618447776503629143e+01
4.618351967248405998e+01
4.618232912198675422e+01
4.618230684042296730e+01
4.618005505829806623e+01
4.617901379624765923e+01
4.617367276186941183e+01
4.617275971809308288e+01
4.617161779581341818e+01
4.617158514173657125e+01
4.616944437632187004e+01
4.616845579462569304e+01
4.616337455522005229e+01
4.616250092110309566e+01
4.616141686373222086e+01
4.616139154057184157e+01
4.615939840334333866e+01
4.615847670204205144e+01
4.615373948247399483e+01
4.615292398117408368e+01
4.615191043113748748e+01
4.615188870917603481e+01
4.614997266894624772e+01
4.614908852603448963e+01
4.614454342207612569e+01
4.614376854846067744e+01
4.614279695689273098e+01
4.614276501954135767e+01
4.614096443016548221e+01
4.614013402206630587e+01
4.613586136243477398e+01
4.613513157951590671e+01
4.613421894193268002e+01
4.613419004466083351e+01
4.613246234182167171e+01
4.613166687974862867e+01
4.612756895099418131e+01
4.612687020303181384e+01
4.612599543321080375e+01
4.612596572722593891e+01
4.612434214471710447e+01
4.612359433930806318e+01
4.611974033524174388e+01
4.611908229798935821e+01
4.611825903604955812e+01
4.611823212421785456e+01
4.611668735852699541e+01
4.611597678900056962e+01
4.611231504675400572e+01
4.611169521498477764e+01
4.611091258260079684e+01
4.611087937994306429e+01
4.610939763446842221e+01
4.610871745136675059e+01
4.610520567032084926e+01
4.610461029192230598e+01
4.610386196898462430e+01
4.610383034570064353e+01
4.610244408435728047e+01
4.610180711224585082e+01
4.609851852923745952e+01
4.609796028915100408e+01
4.609725756046135103e+01
4.609722941851071454e+01
4.609588440836329681e+01
4.609526823640448612e+01
4.609208396378274131e+01
4.609154874576346828e+01
4.609086997311995759e+01
4.609083452147309146e+01
4.608958419746546298e+01
4.608901073227450240e+01
4.608604605771509455e+01
4.608554439257905244e+01
4.608491142313664568e+01
4.608488317202981932e+01
4.608365598531640472e+01
4.608309541925302000e+01
4.608019359563611062e+01
4.607970950197208992e+01
4.607909161718816904e+01
4.607905363606803917e+01
4.607792493313962723e+01
4.607740789696734396e+01
4.607473008693253291e+01
4.607427575151177734e+01
4.607370433093493745e+01
4.607368013188253997e+01
4.607256059207621490e+01
4.607205067514157548e+01
4.606940955232559531e+01
4.606897622636873990e+01
4.606841345570750690e+01
4.606836859153250430e+01
4.606734552736272548e+01
4.606687776147666114e+01
4.606444846903224288e+01
4.606403311906917963e+01
4.606351622260860523e+01
4.606349791411130923e+01
4.606247570583218476e+01
4.606201145938613450e+01
4.605960638721885658e+01
4.605922030732219241e+01
4.605870648101443976e+01
4.605865413451461876e+01
4.605773190658182870e+01
4.605731062700895961e+01
4.605511560988743724e+01
4.605473352457600100e+01
4.605426826222679892e+01
4.605426034129636292e+01
4.605332598642275599e+01
4.605290322148528759e+01
4.605071669159553238e+01
4.605038192495413796e+01
4.604991180696388398e+01
4.604984262221540092e+01
4.604907245780963621e+01
4.604871821396931608e+01
4.604686744454046732e+01
4.604652950142030932e+01
4.604613715763751003e+01
4.604615217357515178e+01
