-3.037386738778622686e+01
-3.037386738778622686e+01
-3.037386738778622686e+01
-3.037386758262411490e+01
-3.037386877329987200e+01
-3.037386909829784898e+01
-3.037386955265218802e+01
-3.037386955265007771e+01
-3.037387821209672367e+01
-3.037390202554550456e+01
-3.037404272902521640e+01
-3.037407907563575904e+01
-3.037412931799921978e+01
-3.037412930863708738e+01
-3.037508163421983909e+01
-3.037750534348311149e+01
-3.039165673819386626e+01
-3.039529562530151452e+01
-3.040035158644817415e+01
-3.040027750804381768e+01
-3.041336781745319584e+01
-3.042348749114588458e+01
-3.047640805583899848e+01
-3.048603172478120982e+01
-3.050141976968499335e+01
-3.050401958443411843e+01
-3.053692951942283074e+01
-3.055790874410203983e+01
-3.066646399227298758e+01
-3.068635636759695728e+01
-3.071499297802105133e+01
-3.071817571315912687e+01
-3.077289706665276370e+01
-3.080524932511334057e+01
-3.097236747863793127e+01
-3.100442933063445139e+01
-3.104658815767480462e+01
-3.104762455795357567e+01
-3.113528133680999943e+01
-3.118614756556885936e+01
-3.144824620310553698e+01
-3.149876930643151240e+01
-3.156411206506248845e+01
-3.156460513130463497e+01
-3.174473088930907849e+01
-3.185246637344746290e+01
-3.240716851765822071e+01
-3.251869103595807076e+01
-3.266053952192165610e+01
-3.265310056966121266e+01
-3.169863952132510221e+01
-3.177541172335498842e+01
-3.216831552689706797e+01
-3.224419959437712180e+01
-3.234126594223135243e+01
-3.233970878465370902e+01
-3.251477851164163013e+01
-3.261141370087638336e+01
-3.309739485444528384e+01
-3.318463529845696058e+01
-3.330080152748899280e+01
-3.330563430618256149e+01
-3.243313309838445946e+01
-3.248244035966794030e+01
-3.273053909031472131e+01
-3.277540038424994151e+01
-3.283290583087225656e+01
-3.283374687919035040e+01
-3.293753947850547092e+01
-3.299167939730672572e+01
-3.326333317105262921e+01
-3.331201081473381009e+01
-3.337418940764656128e+01
-3.337541015733552996e+01
-3.348554996918731064e+01
-3.354201676880929028e+01
-3.382692721884807696e+01
-3.388050189604871321e+01
-3.394520275045351099e+01
-3.394201844309078098e+01
-3.405584038075205910e+01
-3.411419080320955999e+01
-3.440673317182660185e+01
-3.445919781401102711e+01
-3.452565987012043536e+01
-3.452587519708219332e+01
-3.464959638760549154e+01
-3.471249646128111976e+01
-3.502698632864633765e+01
-3.508237175649203721e+01
-3.515321048817294525e+01
-3.515464731342297711e+01
-3.532321730014030692e+01
-3.540829109626415061e+01
-3.583302087855238938e+01
-3.590710259795399395e+01
-3.600210329102645801e+01
-3.600464031331501502e+01
-3.622262392205605153e+01
-3.633119779337327770e+01
-3.687412106269907497e+01
-3.696929019699621222e+01
-3.708936331593051960e+01
-3.709117225896226699e+01
-3.737862254594310230e+01
-3.751968854990455782e+01
-3.823199055017298065e+01
-3.836159291514719172e+01
-3.851741550689624205e+01
-3.851277117266597116e+01
-3.885390928922308262e+01
-3.902144795974951563e+01
-3.988820098290209870e+01
-4.006102426920878656e+01
-4.025168331465129512e+01
-4.022752439801796953e+01
-4.070909913070976671e+01
-4.095515440576478738e+01
-4.228975028521279711e+01
-4.260103779296252213e+01
-4.290187506921749616e+01
-4.281473088672925087e+01
-4.049621063615810357e+01
-4.063222437364883888e+01
-4.133497708584799568e+01
-4.147416211120334850e+01
-4.163312083519486606e+01
-4.161714166035672946e+01
-4.190931070589586938e+01
-4.206071626609611513e+01
-4.284230528054965959e+01
-4.299721140283234888e+01
-4.319412795852826292e+01
-4.318081385765952263e+01
-4.182943553336433240e+01
-4.193840280974921342e+01
-4.249473702195339087e+01
-4.260040820683811091e+01
-4.272736784871024440e+01
-4.272101706845628399e+01
-4.177287776084985893e+01
-4.185226758539540270e+01
-4.225481718383222329e+01
-4.232938050481493519e+01
-4.242068921329300935e+01
-4.241818139725153003e+01
-4.258375614752896610e+01
-4.266850445033731631e+01
-4.309753577874394637e+01
-4.317161418679032181e+01
-4.326925908601568693e+01
-4.327757035232054506e+01
-4.256605019016740243e+01
-4.264155020695665144e+01
-4.302317517976918992e+01
-4.309312022840142475e+01
-4.318269353218141049e+01
-4.318190608567470434e+01
-4.254355536997594811e+01
-4.260736936092706628e+01
-4.292931696029184252e+01
-4.298795738337417305e+01
-4.306329414402330258e+01
-4.306292554807617279e+01
-4.252686547439958531e+01
-4.258205525990948104e+01
-4.286011682343914941e+01
-4.291054705928365109e+01
-4.297539544084567353e+01
-4.297523052998580795e+01
-4.251441484353352251e+01
-4.256319668606310103e+01
-4.280873264602600159e+01
-4.285313047536497777e+01
-4.291021358707976674e+01
-4.291015131872801192e+01
-4.300226643828448658e+01
-4.304950996783041717e+01
-4.328586028969982635e+01
-4.332708630377162962e+01
-4.338078293397456520e+01
-4.338282482627966630e+01
-4.356785948026678312e+01
-4.366302104207956347e+01
-4.413614226886269876e+01
-4.421505658927765836e+01
-4.432374341975378940e+01
-4.433312872367720558e+01
-4.354498624029029230e+01
-4.362810426457369317e+01
-4.404218094377755932e+01
-4.411237459451530185e+01
-4.420690475828516242e+01
-4.421332243965633779e+01
-4.437387071183264453e+01
-4.445530909378486228e+01
-4.486319303749935017e+01
-4.493558158536497871e+01
-4.502764549182563059e+01
-4.502864471029803184e+01
-4.520362245458671424e+01
-4.529218753838676292e+01
-4.573501344411527469e+01
-4.581311578605678392e+01
-4.591266885688683175e+01
-4.591434004255753365e+01
-4.617186532657500919e+01
-4.630234865735540950e+01
-4.695351548172970269e+01
-4.706772773206437677e+01
-4.721403939175514353e+01
-4.721733487473679247e+01
-4.755470760545669151e+01
-4.772545300355060505e+01
-4.857755548543102719e+01
-4.872882521156002156e+01
-4.891940378335873874e+01
-4.892083019063720428e+01
-4.934414627505953632e+01
-4.955882260570935216e+01
-5.065215570198226658e+01
-5.091466585304146264e+01
-5.117244708566393285e+01
-5.105710432833348733e+01
-4.906409914552350671e+01
-4.913608684450124997e+01
-4.949588473324235594e+01
-4.955523889659734493e+01
-4.963179396673465504e+01
-4.964141732900993276e+01
-4.978601222082987476e+01
-4.985860772808115371e+01
-5.021985649865143841e+01
-5.028277895138204201e+01
-5.036318711185202801e+01
-5.036506742652917268e+01
-5.058828742845494730e+01
-5.069993724849871342e+01
-5.125433323661668794e+01
-5.134929169742984101e+01
-5.147220459831667227e+01
-5.147761508742706127e+01
-5.171058219342617690e+01
-5.182747920049941825e+01
-5.241126859441975228e+01
-5.251665648899813021e+01
-5.264626845368621133e+01
-5.264384598189460718e+01
-5.286088355194930699e+01
-5.297007602403428450e+01
-5.351422308846828457e+01
-5.361130892673278936e+01
-5.373232396463026106e+01
-5.373176859696346952e+01
-5.394402784156464037e+01
-5.405074114999591472e+01
-5.458172861435819101e+01
-5.467579355457264256e+01
-5.479376996849666881e+01
-5.479407835856637377e+01
-5.501015366470343082e+01
-5.511862202239960595e+01
-5.565760020097830818e+01
-5.575264611855139663e+01
-5.587216988019276442e+01
-5.587291247046590570e+01
-5.612225851057966253e+01
-5.624722204556478289e+01
-5.686654836802073021e+01
-5.697510919188646028e+01
-5.711200670359808385e+01
-5.711340124159948317e+01
-5.744144038345353209e+01
-5.760533001917221441e+01
-5.841275846673428163e+01
-5.855233758995547788e+01
-5.872953144938671954e+01
-5.873301507202374694e+01
-5.904133556557354723e+01
-5.919456208071786563e+01
-5.994832600459582039e+01
-6.007848324381764371e+01
-6.024278059522570317e+01
-6.024563838729190479e+01
-6.052894352343816564e+01
-6.066917699359306937e+01
-6.135866561288530363e+01
-6.147806342079044128e+01
-6.162781952665201857e+01
-6.162946595170669895e+01
-6.201061755136390730e+01
-6.219762134857454328e+01
-6.310866500791900080e+01
-6.326374836575352845e+01
-6.345885295392394454e+01
-6.346247354347238456e+01
-6.380752167272191144e+01
-6.397620844657908634e+01
-6.479880225403172744e+01
-6.493993571427753864e+01
-6.511552444548979679e+01
-6.511694542005636777e+01
-6.373534159299708790e+01
-6.386937821868492193e+01
-6.452651191033186251e+01
-6.464028944269756494e+01
-6.478179527788469727e+01
-6.478239985709298310e+01
-6.503468723393321227e+01
-6.515855960955163084e+01
-6.576630753549623876e+01
-6.587203893478562122e+01
-6.600288296553723910e+01
-6.600270267023039139e+01
-6.623942454465999674e+01
-6.635567107241260487e+01
-6.692605039165903236e+01
-6.702540634267303687e+01
-6.714825283110315013e+01
-6.714787422894698921e+01
-6.736746514566912936e+01
-6.747531784552039369e+01
-6.800437452480667844e+01
-6.809633573451449706e+01
-6.821035122485737645e+01
-6.821026630952172809e+01
-6.843278242160963032e+01
-6.854179527993288445e+01
-6.907506618876873006e+01
-6.916693291562316404e+01
-6.928157014817035986e+01
-6.928225578310792798e+01
-6.951767516443491957e+01
-6.963234722041050873e+01
-7.019090157672545160e+01
-7.028577322276649397e+01
-7.040504118093319619e+01
-7.040699147581655382e+01
-6.944622706129577239e+01
-6.952673625726639273e+01
-6.992220445030352494e+01
-6.999054674210046301e+01
-7.007599881764470240e+01
-7.007666463130888701e+01
-7.022805124933340437e+01
-7.030226480444784443e+01
-7.066688635973616783e+01
-7.072984977606039081e+01
-7.080856656540997562e+01
-7.080920305072815779e+01
-7.097498607228124001e+01
-7.105580048444778640e+01
-7.145166594579886521e+01
-7.151948462925594185e+01
-7.160442781924540157e+01
-7.160544245459108481e+01
-7.176556688508864568e+01
-7.184335066502629275e+01
-7.222446619623234199e+01
-7.228978836059967250e+01
-7.237130843401148184e+01
-7.237212887071494549e+01
-7.251099348555896995e+01
-7.257849143157974936e+01
-7.291018044996260983e+01
-7.296748457212079586e+01
-7.303859718616814689e+01
-7.303882564455591364e+01
-7.318330386466021764e+01
-7.325330326889914545e+01
-7.359734108919316498e+01
-7.365691490746395687e+01
-7.373044362683491215e+01
-7.373036046914013752e+01
-7.315813886496012231e+01
-7.321626513947946080e+01
-7.350274054913600708e+01
-7.355257584219688738e+01
-7.361422215795596458e+01
-7.361413706292871950e+01
-7.372437530887107471e+01
-7.377816306056972451e+01
-7.404374442188562000e+01
-7.409017944439398207e+01
-7.414745065808324398e+01
-7.414715916719993061e+01
-7.370997930611109439e+01
-7.375689284943587154e+01
-7.398887094104726714e+01
-7.402950034388906886e+01
-7.407972421125964502e+01
-7.407951733962053709e+01
-7.416945827628725851e+01
-7.421355885706532263e+01
-7.443188874607811556e+01
-7.447024680673877128e+01
-7.451761030770985883e+01
-7.451733049524854380e+01
-7.459731452145514652e+01
-7.463665210212806755e+01
-7.483167436941623407e+01
-7.486602895511765610e+01
-7.490848051053126255e+01
-7.490821661678251076e+01
-7.498697090361875439e+01
-7.502575655503370911e+01
-7.521811340950451097e+01
-7.525204441878838679e+01
-7.529396320027734646e+01
-7.529367790483335909e+01
-7.536810600906903801e+01
-7.540483546604336595e+01
-7.558706971697630195e+01
-7.561923991450045435e+01
-7.565902690703724431e+01
-7.565877821556593119e+01
-7.572527221583747803e+01
-7.575816474013572588e+01
-7.592144679554894537e+01
-7.595027570650236726e+01
-7.598601165998027795e+01
-7.598584794396253983e+01
-7.605602672302190115e+01
-7.609074896544170485e+01
-7.626297719231013161e+01
-7.629336135376547645e+01
-7.633102766175501586e+01
-7.633086722286623171e+01
-7.640166125114922124e+01
-7.643670593357664700e+01
-7.661039039712518672e+01
-7.664099316130267425e+01
-7.667896024296149449e+01
-7.667883772009930965e+01
-7.674894098959383371e+01
-7.678365627794737236e+01
-7.695552469759017811e+01
-7.698575394594132604e+01
-7.702329306436591594e+01
-7.702322220286835375e+01
-7.709109521804417398e+01
-7.712470990463143039e+01
-7.729091067833631712e+01
-7.732007949665795365e+01
-7.735633452071658667e+01
-7.735631820671969194e+01
-7.742099360768403926e+01
-7.745301499237034193e+01
-7.761107083981259791e+01
-7.763873633745380687e+01
-7.767314723858767422e+01
-7.767317990553355855e+01
-7.773419460093120392e+01
-7.776437736942682477e+01
-7.791302452208819318e+01
-7.793895485743129825e+01
-7.797122306456634533e+01
-7.797129867204573372e+01
-7.802827556882820659e+01
-7.805641757223696686e+01
-7.819460590226159979e+01
-7.821860694242555212e+01
-7.824848135815223316e+01
-7.824859445918841061e+01
-7.830130364123462527e+01
-7.832727599838547405e+01
-7.845431152426195354e+01
-7.847625027132143316e+01
-7.850355642923044286e+01
-7.850370301114142535e+01
-7.855189897537465527e+01
-7.857556599548806275e+01
-7.869071841975714676e+01
-7.871045530365690013e+01
-7.873501083844998050e+01
-7.873518763601205706e+01
-7.877843444278343554e+01
-7.879956936212592211e+01
-7.890167475487879756e+01
-7.891899955776324305e+01
-7.894053419551369188e+01
-7.894073578977489092e+01
-7.897861422911948637e+01
-7.899700077152650124e+01
-7.908495373097646564e+01
-7.909967375488317032e+01
-7.911792992042053640e+01
-7.911814284779815409e+01
-7.915027097398201761e+01
-7.916571137359905208e+01
-7.923847199886894543e+01
-7.925039614107944885e+01
-7.926512790945453446e+01
-7.926534829465560961e+01
-7.929109244181215388e+01
-7.930327030131560662e+01
-7.935924860697645045e+01
-7.936809916625236383e+01
-7.937895367064318464e+01
-7.937917494116598505e+01
-7.939791907574611685e+01
-7.940652621167603797e+01
-7.944415449740547785e+01
-7.944965436009033510e+01
-7.945627988352443083e+01
-7.945649666807855738e+01
-7.946747985280464377e+01
-7.947214210676493451e+01
-7.948955054275948839e+01
-7.949137694803739862e+01
-7.949336614244670329e+01
-7.949357117208660384e+01
-7.949594641018728680e+01
-7.949625319461418371e+01
-7.949141205229187790e+01
-7.948922057348278258e+01
-7.948614031216531828e+01
-7.948632521457884081e+01
-7.947915643402632213e+01
-7.947465537457446771e+01
-7.944530421648745744e+01
-7.943870158540796922e+01
-7.943006807511804368e+01
-7.943023361312611996e+01
-7.941236365913100315e+01
-7.940249402723374317e+01
-7.934580584440897155e+01
-7.933429302330686994e+01
-7.931949219745020230e+01
-7.931964487787416829e+01
-7.928988277368435433e+01
-7.927409252691633412e+01
-7.918742098807071272e+01
-7.917055292761288854e+01
-7.914905916985527767e+01
-7.914921449908226236e+01
-7.910482430795950393e+01
-7.908173176399303372e+01
-7.895769089379163574e+01
-7.893405490793149681e+01
-7.890413503305217091e+01
-7.890435352304656647e+01
-7.884004627993306258e+01
-7.880700778197854106e+01
-7.863161891876509912e+01
-7.859854299224224405e+01
-7.855697418903332618e+01
-7.855741667734925215e+01
-7.844466675382439291e+01
-7.838713154638232083e+01
-7.808074667076280662e+01
-7.802229371981715644e+01
-7.795014667199858138e+01
-7.795219372252968526e+01
-7.848702850656803776e+01
-7.845134365209361249e+01
-7.826537747667637746e+01
-7.823090578766043279e+01
-7.818778625526964277e+01
-7.818823555909615663e+01
-7.810916668778308747e+01
-7.806932914009156832e+01
-7.786347591449676031e+01
-7.782560442771467990e+01
-7.777837569993060640e+01
-7.777890807381707816e+01
-7.769788061741159879e+01
-7.765721908320439582e+01
-7.744867644224733283e+01
-7.741060572296119346e+01
-7.736315270389593479e+01
-7.736361673743371625e+01
-7.771017571894962828e+01
-7.767569958272672181e+01
-7.749953886840300754e+01
-7.746753528292394719e+01
-7.742756971065962546e+01
-7.742784166053846207e+01
-7.735517274412822530e+01
-7.731877946689976966e+01
-7.713335322659219173e+01
-7.709976434785225763e+01
-7.705783356918698246e+01
-7.705810408139264212e+01
-7.697934323583497473e+01
-7.693994194026632272e+01
-7.673951819178866174e+01
-7.670327901502503209e+01
-7.665804580845357918e+01
-7.665832402604164031e+01
-7.657256416450704251e+01
-7.652969776780653888e+01
-7.631188980058315963e+01
-7.627255954516952841e+01
-7.622346905459139066e+01
-7.622375836327042009e+01
-7.613613437743754275e+01
-7.609236414187515152e+01
-7.587034816753896393e+01
-7.583035445621335668e+01
-7.578039945736986738e+01
-7.578063128433041129e+01
-7.569039369584368160e+01
-7.564534059026964030e+01
-7.541707733199814356e+01
-7.537602935702319940e+01
-7.532472748348710923e+01
-7.532491582706725808e+01
-7.523344328181300966e+01
-7.518779199403732605e+01
-7.495673186425270274e+01
-7.491524612007867745e+01
-7.486336843406819241e+01
-7.486351105674670237e+01
-7.477107942426553677e+01
-7.472496549477166639e+01
-7.449174340049891896e+01
-7.444991884036451779e+01
-7.439759912061303737e+01
-7.439770873879572832e+01
-7.430504092275339190e+01
-7.425882329216489097e+01
-7.402523446243128546e+01
-7.398339005624833931e+01
-7.393102680463712773e+01
-7.393110287574313588e+01
-7.383676490584754504e+01
-7.378973038477440127e+01
-7.355209771086730086e+01
-7.350955687190402443e+01
-7.345631481280786090e+01
-7.345637432152786062e+01
-7.336266683912121778e+01
-7.331595929988849036e+01
-7.308009912673098540e+01
-7.303790453890721324e+01
-7.298509321221501978e+01
-7.298513828533863546e+01
-7.288900308073165490e+01
-7.284110299318943760e+01
-7.259924490075454173e+01
-7.255598924971114627e+01
-7.250185285122807954e+01
-7.250189614068783328e+01
-7.240136860974787680e+01
-7.235130138111418319e+01
-7.209845960203608684e+01
-7.205323675485499280e+01
-7.199665040480179812e+01
-7.199670495131906023e+01
-7.189252910460277235e+01
-7.184066233846830585e+01
-7.157868812774265166e+01
-7.153181699294562179e+01
-7.147319444464649507e+01
-7.147327484395628971e+01
-7.136583223734388071e+01
-7.131234779548492497e+01
-7.104213342872137105e+01
-7.099375138607015856e+01
-7.093328431746125773e+01
-7.093341294162847532e+01
-7.082302709725252043e+01
-7.076807053320928276e+01
-7.049031197832201201e+01
-7.044051348644312327e+01
-7.037834149842719000e+01
-7.037854528849294411e+01
-7.026509072109713827e+01
-7.020857718558789884e+01
-6.992279489616957733e+01
-6.987146506801958878e+01
-6.980745543099993711e+01
-6.980775462495846284e+01
-6.969212511608650118e+01
-6.963447374223036945e+01
-6.934277831197269393e+01
-6.929029075823027028e+01
-6.922489087372322558e+01
-6.922527102115108733e+01
-6.910712840495516218e+01
-6.904814549850210881e+01
-6.874950349155405149e+01
-6.869564796324831946e+01
-6.862859578669471716e+01
-6.862906811881394731e+01
-6.850996498151727110e+01
-6.845040115417310744e+01
-6.814864432700042585e+01
-6.809412195717455063e+01
-6.802626043983330817e+01
-6.802679404470727320e+01
-6.790438800452531609e+01
-6.784305337183312190e+01
-6.753206055122274165e+01
-6.747574865022743040e+01
-6.740566453392833068e+01
-6.740626435657694060e+01
-6.728048485209011176e+01
-6.721732711544173355e+01
-6.689683003773457415e+01
-6.683869394310167422e+01
-6.676630766778136206e+01
-6.676694029330344904e+01
-6.663756309796926303e+01
-6.657246166380063812e+01
-6.624185909147615803e+01
-6.618181204411693841e+01
-6.610697686484516566e+01
-6.610760641371595625e+01
-6.597487792669382145e+01
-6.590796190779437325e+01
-6.556795675731648032e+01
-6.550616377300667637e+01
-6.542904759297636019e+01
-6.542962733505186179e+01
-6.529102128339667388e+01
-6.522101711588182127e+01
-6.486506473318654287e+01
-6.480033342682645525e+01
-6.471943306190465250e+01
-6.471996320355974319e+01
-6.457498484724099796e+01
-6.450165346973946612e+01
-6.412855792264002730e+01
-6.406069747263167358e+01
-6.397574925254415490e+01
-6.397620140112267251e+01
-6.382263333206696387e+01
-6.374485834321507127e+01
-6.334887784844094227e+01
-6.327684670056711269e+01
-6.318653039290853002e+01
-6.318689756007233171e+01
-6.302291893082210805e+01
-6.293978637251501596e+01
-6.251620648083714826e+01
-6.243914431454825831e+01
-6.234237633159443703e+01
-6.234265805883737954e+01
-6.216776922543149198e+01
-6.207904143555175125e+01
-6.162665061572039349e+01
-6.154433962396600322e+01
-6.144085751704977127e+01
-6.144106228261908598e+01
-6.125353884427129003e+01
-6.115834946197902866e+01
-6.067268168933018302e+01
-6.058431017925592954e+01
-6.047308705746557678e+01
-6.047321131335130673e+01
-6.027381435523342645e+01
-6.017258056608185512e+01
-5.965586140305483553e+01
-5.956186868259501210e+01
-5.944345927885612468e+01
-5.944349119526153657e+01
-5.923133039145735523e+01
-5.912362069430222533e+01
-5.857366456441643976e+01
-5.847366807278317680e+01
-5.834759092638557831e+01
-5.834752530540078652e+01
-5.810113122676234099e+01
-5.797589989585728176e+01
-5.733508041963624891e+01
-5.721839703411405509e+01
-5.707103388753526474e+01
-5.707082295876795541e+01
-5.678667943657967498e+01
-5.664215325233357134e+01
-5.590113041119176529e+01
-5.576608210982560365e+01
-5.559522151887093599e+01
-5.559478003146838176e+01
-5.526886203064051983e+01
-5.510303463298091486e+01
-5.425130541548696783e+01
-5.409602341950056115e+01
-5.389921519093497437e+01
-5.389844962945002038e+01
-5.352961767159209927e+01
-5.334200826511889204e+01
-5.237720891650925381e+01
-5.220135612205025666e+01
-5.197815663725781121e+01
-5.197701230699950514e+01
-5.156407480270804200e+01
-5.135419556406191077e+01
-5.027404850240730383e+01
-5.007729704365612378e+01
-4.982733890931678644e+01
-4.982581332539301400e+01
-4.937036689082685825e+01
-4.913917334295906869e+01
-4.794914115354023210e+01
-4.773257806346559562e+01
-4.745739291891472789e+01
-4.745557276621795495e+01
-4.695617061254746716e+01
-4.670303274729567988e+01
-4.540025310291359517e+01
-4.516338753933457895e+01
-4.486251675448203713e+01
-4.486051263928800381e+01
-4.430363440786322826e+01
-4.402172422064014512e+01
-4.257065500157733595e+01
-4.230695478571907131e+01
-4.197214979377333322e+01
-4.196996208177373688e+01
-4.133712556410246464e+01
-4.101712997057882149e+01
-3.936932119364149685e+01
-3.906988512869389041e+01
-3.868994358751805152e+01
-3.868759473574684904e+01
-3.796414945592225365e+01
-3.759877597988866427e+01
-3.571686842503034853e+01
-3.537482522434223142e+01
-3.494138213361775058e+01
-3.493910562001237707e+01
-3.829158021381810784e+01
-3.809247003882639149e+01
-3.708022332743482963e+01
-3.689779585222104430e+01
-3.666829522063241598e+01
-3.666795709278607518e+01
-3.625133435468269738e+01
-3.604196579636830222e+01
-3.497800525315942366e+01
-3.478631434352936225e+01
-3.454063878039904978e+01
-3.453960127211480824e+01
-3.629966271126262711e+01
-3.611468818132861713e+01
-3.517641667809126460e+01
-3.500760612006838102e+01
-3.479354839627561091e+01
-3.479386514919294626e+01
-3.643519143139171490e+01
-3.631847679908128868e+01
-3.572952773325090448e+01
-3.562400307045154335e+01
-3.549169308524179911e+01
-3.549164879934635763e+01
-3.525237023727675023e+01
-3.513240745913026331e+01
-3.452371395059248727e+01
-3.441791774689931316e+01
-3.428642669629943640e+01
-3.427756511767369574e+01
-3.398660759355568928e+01
-3.384009368759317482e+01
-3.310281294324585133e+01
-3.297412001308632057e+01
-3.280765019925940607e+01
-3.280223618173225475e+01
-3.226095585864453597e+01
-3.199009077586565652e+01
-3.063165439590684969e+01
-3.040893652922074253e+01
-3.010218100916934247e+01
-3.007134504868913893e+01
-2.952431913159158228e+01
-2.925532399976412989e+01
-2.790707150803317660e+01
-2.768226900058868978e+01
-2.738360556530475165e+01
-2.736216409648830705e+01
-2.684142834247683140e+01
-2.658819321939260760e+01
-2.531785521808621553e+01
-2.510030813694200802e+01
-2.482259306311791391e+01
-2.481312991449834371e+01
-2.420356186591089909e+01
-2.391105646183656930e+01
-2.244035569638034389e+01
-2.218398183241404098e+01
-2.186727827123262813e+01
-2.186501650636239091e+01
-2.441837879363852792e+01
-2.422613098932522746e+01
-2.326139709623866736e+01
-2.309156601695603328e+01
-2.288079499015208285e+01
-2.288086969050442931e+01
-2.250036926662374270e+01
-2.231523681153258565e+01
-2.138609742255875901e+01
-2.122124833404065569e+01
-2.101548566893790237e+01
-2.101720778837159642e+01
-2.061815647551442510e+01
-2.042233421326227472e+01
-1.943884626881590805e+01
-1.926428140032454550e+01
-1.904790083780299170e+01
-1.904916068838984344e+01
-1.844180996046324950e+01
-1.814683798143160232e+01
-1.666171795601051997e+01
-1.639658369965270523e+01
-1.607246789767074091e+01
-1.607545108311212445e+01
-1.553399536221564681e+01
-1.527499639545850663e+01
-1.406895914106372558e+01
-1.401737311390725260e+01
-1.378197936799834800e+01
-1.351916565545989179e+01
-1.565572185881679879e+01
-1.545289505551992448e+01
-1.449194847788724516e+01
-1.441686531934758619e+01
-1.422071264776967858e+01
-1.406772184012150539e+01
-1.371786785053422264e+01
-1.355066121388190759e+01
-1.271728193404575791e+01
-1.257048301846277738e+01
-1.239216049920023544e+01
-1.239613387263693411e+01
-1.194868307105746297e+01
-1.173962474226100738e+01
-1.070159636721304608e+01
-1.052059930950142430e+01
-1.030334498485879813e+01
-1.030976326764929318e+01
-9.879789475432701806e+00
-9.681981539815058824e+00
-8.701543716162174036e+00
-8.530944689791171598e+00
-8.329608420736821728e+00
-8.337094616984522588e+00
-7.996149755216195310e+00
-7.839277487989233961e+00
-7.059311064751799591e+00
-6.920050092660450680e+00
-6.760278386054080713e+00
-6.771021401725479727e+00
-6.457985904091673390e+00
-6.314724237554002251e+00
-5.599325000573233346e+00
-5.466598885584723178e+00
-5.321094432996222423e+00
-5.338824851979817154e+00
-5.097117914104186909e+00
-4.984951880727822804e+00
-4.425749047448493734e+00
-4.322670609419209775e+00
-4.207011501559811961e+00
-4.219255935887208153e+00
-4.021309208503430099e+00
-3.928823903858019495e+00
-3.469851648243364561e+00
-3.387507793173708315e+00
-3.291798398873210463e+00
-3.298399000834709938e+00
-3.106083835619421141e+00
-3.017284397991520706e+00
-2.579112574466216223e+00
-2.502364795804501441e+00
-2.412031921111414956e+00
-2.416739886827233619e+00
-2.264140841379121749e+00
-2.193988352009766718e+00
-1.848569623742894352e+00
-1.789033719956022672e+00
-1.718341508638552728e+00
-1.720663647938541985e+00
-1.571548646548991623e+00
-1.504713540450729470e+00
-1.175032699624527943e+00
-1.116696426120219909e+00
-1.051385018933683524e+00
-1.056830839285691104e+00
-1.602644112157393330e+00
-1.548468602418947349e+00
-1.281034714355600679e+00
-1.234164415421483696e+00
-1.179658737171495053e+00
-1.182475187324665944e+00
-1.084847467456842462e+00
-1.040115265064577299e+00
-8.185245890749037745e-01
-7.785796983154641415e-01
-7.335749497986148171e-01
-7.375490643340045782e-01
-6.485560290870515665e-01
-6.080117963937520242e-01
-4.065951951649185991e-01
-3.690546799394165411e-01
-3.284397491463191265e-01
-3.341212330692232557e-01
-2.430619025990019832e-01
-2.023027290031524927e-01
1.703562277359777877e-04
3.951356565254184744e-02
7.961146677751129719e-02
7.054335948388659738e-02
1.366133814536251989e-01
1.664107064105510014e-01
3.126870053232652658e-01
3.390904192268097139e-01
3.683499632858655004e-01
3.647722348357718136e-01
4.143260425289476134e-01
4.365163455842836493e-01
5.448708933708562574e-01
5.638130420613709504e-01
5.851979308340778951e-01
5.833920315337984830e-01
6.205869093340148357e-01
6.370697497403587928e-01
7.176964881705093502e-01
7.321683902249596088e-01
7.477727052076896808e-01
7.458031514292050579e-01
7.818181556968689661e-01
7.970443127285812279e-01
8.722221881721954340e-01
8.877269538749755773e-01
9.012045815459148734e-01
8.958269985112009559e-01
7.773829891368463363e-01
7.910381883894203048e-01
8.582164441658343135e-01
8.714036162871811042e-01
8.838879235047883975e-01
8.802985435140562309e-01
9.026250208383852502e-01
9.122994210998611742e-01
9.597945010746097294e-01
9.695494612798080114e-01
9.783775727593212457e-01
9.750603833874273985e-01
9.903342634762025698e-01
9.969518833529648072e-01
1.028834723079850244e+00
1.035121099370007736e+00
1.041024331754291321e+00
1.039020031887979201e+00
1.048504507130837204e+00
1.052551230518960823e+00
1.071541953727230601e+00
1.074993225112617967e+00
1.078367359519940560e+00
1.077485185570701276e+00
1.084952421481618856e+00
1.087712155106757006e+00
1.099955191852598713e+00
1.102603110552537125e+00
1.104081441724208634e+00
1.102342253112194914e+00
1.104939728612244876e+00
1.105388388298153002e+00
1.106732373150564497e+00
1.108715585171852203e+00
1.107683136699472826e+00
1.104170922256868081e+00
1.104336439447662910e+00
1.104863385898230854e+00
1.106665617008852243e+00
1.107544947634837129e+00
1.107222530214369005e+00
1.105852455575988547e+00
1.105087771323264301e+00
1.104465091898763740e+00
1.100619681765088176e+00
1.100484088850610442e+00
1.099174147318002115e+00
1.097960588334495169e+00
1.095220623782312552e+00
1.093740415645820141e+00
1.085439079710419197e+00
1.084319048193343127e+00
1.082174754423404384e+00
1.081297197460466597e+00
1.076419766352642693e+00
1.073940056785356534e+00
1.060374348045370452e+00
1.058268132694070607e+00
1.054990728325463367e+00
1.054182065909696098e+00
1.076945772829887238e+00
1.074736944557700635e+00
1.062716136045022353e+00
1.060763494480078784e+00
1.057862073851737916e+00
1.057311952610647143e+00
1.051795898039798116e+00
1.049074790517023015e+00
1.034658810197388590e+00
1.032324147293269601e+00
1.028943224628366293e+00
1.028427964803272809e+00
1.022071280152569095e+00
1.019007530575413156e+00
1.002993545345508997e+00
1.000448291362209252e+00
9.967957600830148479e-01
9.962323899120686388e-01
9.880960503034917908e-01
9.842734174358249710e-01
9.642435249182031987e-01
9.611465113086561374e-01
9.567059257991264998e-01
9.558848094195341316e-01
9.481363329686433028e-01
9.445081022248835723e-01
9.255406495182822990e-01
9.223701444836889252e-01
9.182030962885201486e-01
9.178415614067175765e-01
9.106547702458442917e-01
9.072840529271104515e-01
8.897734220283008977e-01
8.867945545783957328e-01
8.829504615892949104e-01
8.827339641912053114e-01
8.747537364238926472e-01
8.710566188060866466e-01
8.518375721482761564e-01
8.486408606840999402e-01
8.444628546262606950e-01
8.441309246159930391e-01
8.363967331040278452e-01
8.328288324610695348e-01
8.142940580377440174e-01
8.111872124587372612e-01
8.071848217387604940e-01
8.069126708029105144e-01
7.995560828941633558e-01
7.961663557696858629e-01
7.785578910718444767e-01
7.755637282099255847e-01
7.717715361890892245e-01
7.715856729156372884e-01
7.642913543017079148e-01
7.609436389731982775e-01
7.435456068288037734e-01
7.405923279068831189e-01
7.368558500634743158e-01
7.366727212586579032e-01
7.299070928130948488e-01
7.267998066317310490e-01
7.106787308067797904e-01
7.079384942339419506e-01
7.044761648337017901e-01
7.043184752915582214e-01
6.976150901796446258e-01
6.945518813398061653e-01
6.786317729502350238e-01
6.759320099149261907e-01
6.725289744358563526e-01
6.723640548572253905e-01
6.657505917719421795e-01
6.627423094797246783e-01
6.470788068259788473e-01
6.444282803694936224e-01
6.410921049612271494e-01
6.409220225553018402e-01
6.348989460112633987e-01
6.321519441634687597e-01
6.178690845447931679e-01
6.154422200439114699e-01
6.123926987180531301e-01
6.122556530475953274e-01
6.064405168608860697e-01
6.037958080279405282e-01
5.900304190563950835e-01
5.876990057421299651e-01
5.847665912911855779e-01
5.846227053564598819e-01
5.790086387858156547e-01
5.764625813970859491e-01
5.631926082820082335e-01
5.609504456634946123e-01
5.581296922490934787e-01
5.579818668547916749e-01
5.526698877558484657e-01
5.502627920919805904e-01
5.377106269633664670e-01
5.355911289121364494e-01
5.329237556231990469e-01
5.327815369876468532e-01
5.276754316985321491e-01
5.253673464489078127e-01
5.133187374505309153e-01
5.112936614473283514e-01
5.087373192395100441e-01
5.085857315898498765e-01
5.038277565037225791e-01
5.016758633757453234e-01
4.904419022125703354e-01
4.885517456479652187e-01
4.861667203854979080e-01
4.860276573797562283e-01
4.814195625694478453e-01
4.793418885264931761e-01
4.684775646517495562e-01
4.666580873615670533e-01
4.643567917377606769e-01
4.642075964196399895e-01
4.597969699384228948e-01
4.578122971651779061e-01
4.474238427269783824e-01
4.456921494949032669e-01
4.434940418324210265e-01
4.433380601490678474e-01
4.392113865059251165e-01
4.373539803841495210e-01
4.276300206907317492e-01
4.260094631687844080e-01
4.239508529731618736e-01
4.238034433146483648e-01
4.198205132707705234e-01
4.180329196688003512e-01
4.086601495821234331e-01
4.071069313172290816e-01
4.051268606694194419e-01
4.049695622277940665e-01
4.012086868980083709e-01
3.995215931935387488e-01
3.906709345308055359e-01
3.892067348812201510e-01
3.873369342124707848e-01
3.871836646893180300e-01
3.835574388439226268e-01
3.819352419548916466e-01
3.734132804662995131e-01
3.720132058692173782e-01
3.702164543627022852e-01
3.700524690634937608e-01
3.666315366127843034e-01
3.651018560230993582e-01
3.570618691239424991e-01
3.557434554971406482e-01
3.540482967596892960e-01
3.538888863349217706e-01
3.506228875936254208e-01
3.491648664638732358e-01
3.414935339649411983e-01
3.402408294034467429e-01
3.386252991265760737e-01
3.384638237309469111e-01
3.353168550752543275e-01
3.339157631449067853e-01
3.265341494789513743e-01
3.253383122252723192e-01
3.237867891891157979e-01
3.236154872115807879e-01
3.206609072372667568e-01
3.193451669189612541e-01
3.124113087041713865e-01
3.112881393071026959e-01
3.098300005095721565e-01
3.096681626775701912e-01
3.067916401143779281e-01
3.055156618939955382e-01
2.987792003585444389e-01
2.977006309726711875e-01
2.962885355297639189e-01
2.961103271607558041e-01
2.934270272074718244e-01
2.922354739173058658e-01
2.859448601135225476e-01
2.849352797977201535e-01
2.836148833501867528e-01
2.834517248488591656e-01
2.808083932639928171e-01
2.796408686044430381e-01
2.734629824603802550e-01
2.724884108386096404e-01
2.711977632052702814e-01
2.710096934251234879e-01
2.685708207790409863e-01
2.674909650269422512e-01
2.617799472147930295e-01
2.608728663958229665e-01
2.596764792426397017e-01
2.595120762372242762e-01
2.570859754466696678e-01
2.560188814167563276e-01
2.503598220523627904e-01
2.494810840342394920e-01
2.483029685659783603e-01
2.481070209790815773e-01
2.458812197023558799e-01
2.448990372149876804e-01
2.396946153667821877e-01
2.388785115744792575e-01
2.377908905048472243e-01
2.376232970619471252e-01
2.353952288108898117e-01
2.344194587169041166e-01
2.292330467189003795e-01
2.284417110406972429e-01
2.273661048655176709e-01
2.271629004788533468e-01
2.251433489920247610e-01
2.242545700481844984e-01
2.195376059349462283e-01
2.188066798533102320e-01
2.178225889250656189e-01
2.176560380069123002e-01
2.156094175823666526e-01
2.147169925188430195e-01
2.099627091542677071e-01
2.092505355163642444e-01
2.082686873695817620e-01
2.080599482489252916e-01
2.063621735231034315e-01
2.056098207583109683e-01
2.016261307723734297e-01
2.009971822713403355e-01
2.001594599022576693e-01
2.000376136605223343e-01
