0.000000000000000000e+00
2.221192306707167347e-03
2.443311537377883952e-02
2.465523460444955794e-01
5.549181928225719318e-01
9.150526756904242554e-01
1.288607113715183550e+00
1.712590121382391972e+00
2.188833534650645340e+00
2.442796931035101426e+00
2.696760327419557512e+00
2.945597949195277732e+00
3.188459947552064744e+00
3.440041823186280379e+00
3.772612115086632301e+00
4.196188416465565396e+00
4.757150915755124387e+00
5.430225159873479868e+00
5.942947917715859063e+00
6.216739263724694098e+00
6.375982803005904032e+00
6.520003244086701955e+00
6.761454174068030731e+00
6.990085659950800334e+00
7.231884154776763829e+00
7.579737298726602290e+00
8.026307566511670544e+00
8.212779368648408962e+00
8.399251170785147380e+00
8.687684563394826753e+00
8.991289198397236504e+00
9.274185906327030438e+00
9.550606086340508227e+00
9.832827545181965334e+00
1.016134905945130917e+01
1.060151223577679325e+01
1.103060386886899558e+01
1.144485894437924678e+01
1.203681237876630483e+01
1.250196981952596076e+01
1.296712726028561669e+01
1.343906532867776349e+01
1.391229010265998056e+01
1.443088975687858699e+01
1.484756757986354536e+01
1.526151491130435467e+01
1.575067189167480919e+01
1.626846456675147223e+01
1.676302538514771001e+01
1.722760482348017774e+01
1.763133889060110704e+01
1.803507295772203634e+01
1.841552028606416158e+01
1.880922382339709387e+01
1.919906862651279411e+01
1.956234283173885657e+01
1.996020882401642993e+01
2.037740493412276876e+01
2.080736308611283292e+01
2.124151063946656137e+01
2.167434249442113625e+01
2.210367653342604299e+01
2.252833361081357921e+01
2.294879643314112627e+01
2.336627477768349337e+01
2.378124320700165129e+01
2.419505975981648760e+01
2.461063738728562811e+01
2.502937482292857752e+01
2.545429973953282143e+01
2.588817985683474632e+01
2.633408484879966238e+01
2.679679113750139763e+01
2.728314587678486092e+01
2.779657789844436522e+01
2.836151274779884801e+01
2.901345172526267291e+01
2.961177834238467810e+01
3.021010495950668329e+01
3.068771446908552392e+01
3.116532397866436455e+01
3.165926965569683915e+01
3.217526451817533228e+01
3.268317606427958566e+01
3.318947631535277054e+01
3.368791318046285710e+01
3.417845294924644151e+01
3.465852545717916655e+01
3.513651910284068691e+01
3.560156415238788696e+01
3.606955811141786228e+01
3.654995775264883662e+01
3.703882663271779307e+01
3.753403820334067120e+01
3.803360825127776224e+01
3.853724684439141157e+01
3.903971561700659976e+01
3.954085339712398195e+01
4.003214565525127000e+01
4.052105174742759175e+01
4.100493028955870756e+01
4.148167175296443077e+01
4.194762925422155320e+01
4.240898993947435969e+01
4.286429325655769418e+01
4.331740428486596528e+01
4.377011442155247778e+01
4.422018891428334797e+01
4.466867873075278084e+01
4.511068861014769027e+01
4.554598079803056976e+01
4.601319177890502488e+01
4.650742880448611771e+01
4.702415156542075181e+01
4.755451310303801904e+01
4.809163562505982981e+01
4.862725954017630414e+01
4.915924570556246920e+01
4.969809479773044103e+01
5.025535338343327396e+01
5.057461918105995835e+01
5.075344617292787319e+01
5.093227316479578803e+01
5.114185356607870858e+01
5.151808349141984422e+01
5.188948108689005068e+01
5.224769278529902294e+01
5.252940912582262456e+01
5.281112546634622618e+01
5.311551552043488300e+01
5.358846464988607750e+01
5.392783369371456814e+01
5.423692353941389399e+01
5.466904199146371468e+01
5.514699912364055479e+01
5.559809484755087539e+01
5.608897990226037678e+01
5.654138095955222809e+01
5.697333631439644819e+01
5.745954726497136278e+01
5.792147119919381737e+01
5.835365689719891691e+01
5.878573896613676908e+01
5.926182042183918242e+01
5.985740847188314007e+01
6.041022523232931007e+01
6.094102544184227099e+01
6.146222373944997486e+01
6.205432754701879361e+01
6.264643135458761236e+01
6.322847864561510534e+01
6.377276605434173717e+01
6.449032138886227017e+01
6.511560842905733182e+01
6.573509359962343979e+01
6.638116366836301552e+01
6.704778749522218106e+01
6.771167282974269597e+01
6.838037971866219777e+01
6.917740068016094312e+01
6.991429079894244580e+01
7.059428573678039243e+01
7.135406408894799313e+01
7.210927114424229956e+01
7.285400830091022328e+01
7.362265215135209928e+01
7.437004590855471520e+01
7.514756124783342273e+01
7.595664416487038295e+01
7.673787355613633565e+01
7.753592592707498454e+01
7.835268979213050500e+01
7.917344870081895181e+01
8.001110967927779427e+01
8.084129622821980377e+01
8.169481698601768471e+01
8.256302004957440488e+01
8.342705592417095772e+01
8.431251554875522913e+01
8.520122817648970681e+01
8.611089289966972160e+01
8.702290253056366964e+01
8.794722552644529401e+01
8.889226806620405341e+01
8.983479255067345548e+01
9.080746693164810779e+01
9.177133815574138964e+01
9.277683271638943552e+01
9.376281191275329263e+01
9.480053638667629912e+01
9.581260339281355698e+01
9.688385737435048384e+01
9.791656821672506794e+01
9.902197805904972938e+01
1.000000000000000000e+02
