0.000000000000000000e+00
6.002484486975215782e-04
6.602732935672737252e-03
6.662757780542490071e-02
2.757068606616989159e-01
5.251794719710998205e-01
8.488001934385593916e-01
1.146283607323074660e+00
1.486630901858511544e+00
1.821433173095019065e+00
2.257349351470516297e+00
2.667601435961221235e+00
3.136536301144182914e+00
3.538012048877495541e+00
3.928687267674541239e+00
4.414449687702023617e+00
4.885743605696077907e+00
5.349867748280772162e+00
5.830757411408466595e+00
6.290088829249618207e+00
6.764693050485228731e+00
7.268685184617685202e+00
7.723335519910670577e+00
8.206522877083765266e+00
8.664814676633058710e+00
9.111208000237221327e+00
9.606829066112755555e+00
1.009775030120616535e+01
1.058490049334906580e+01
1.083626792448646547e+01
1.108763535562386515e+01
1.137875794670119589e+01
1.171595176563273810e+01
1.202030947239709313e+01
1.238244915292318815e+01
1.279044064565123051e+01
1.313319999305441144e+01
1.347595934045759236e+01
1.395570894246567484e+01
1.426990847648894345e+01
1.456194142746037734e+01
1.489684203872779378e+01
1.535244496543174542e+01
1.583319989107302206e+01
1.630898549835124811e+01
1.678432735545794685e+01
1.726094091860396773e+01
1.771940405354096981e+01
1.814184204692509894e+01
1.851581872336462098e+01
1.888366239217109310e+01
1.931393535456193078e+01
1.977352829151537605e+01
2.025487394472229497e+01
2.071547838067470693e+01
2.120925964456343493e+01
2.163986415443132216e+01
2.200859280868922241e+01
2.237732146294712265e+01
2.284834040012237111e+01
2.328657220309345277e+01
2.371045485409085174e+01
2.418948402568340228e+01
2.463761504548788039e+01
2.509022042099100602e+01
2.555287220818377136e+01
2.597618629987548289e+01
2.639957498950881032e+01
2.685056490295331244e+01
2.727919414022826317e+01
2.772972404338605301e+01
2.817750865412101291e+01
2.861165599353827105e+01
2.905948061691409023e+01
2.949975023806201690e+01
2.993699537956258894e+01
3.039158048375663412e+01
3.083703806575744721e+01
3.128015150248032938e+01
3.174083007607296381e+01
3.220259322619985909e+01
3.264447215771494371e+01
3.310944188052104664e+01
3.357647184639338889e+01
3.403075364990772300e+01
3.448428915834323050e+01
3.494632910102328083e+01
3.540981323652131607e+01
3.588148333207841034e+01
3.632933425963697971e+01
3.680166783586827961e+01
3.728545313143909112e+01
3.774815164219431551e+01
3.821459724845772143e+01
3.869346962358800113e+01
3.916587217881554039e+01
3.965553201369554870e+01
4.011937136453146024e+01
4.059826936433817224e+01
4.109776662490563837e+01
4.157374075075100706e+01
4.206696566026923989e+01
4.254295900004329667e+01
4.302832821312779288e+01
4.354239555318724086e+01
4.402581736118834499e+01
4.452657622692120754e+01
4.501953317886911776e+01
4.551112144927303405e+01
4.603980409440067945e+01
4.653294051260104425e+01
4.704963362954445927e+01
4.754779457227161288e+01
4.804830712714727525e+01
4.859212918780480095e+01
4.909528528692105454e+01
4.963781127478124944e+01
5.015114281143405606e+01
5.066719322550692084e+01
5.121121775427406675e+01
5.172402049735405427e+01
5.229748470942311656e+01
5.281972458624734656e+01
5.338659593425842331e+01
5.392343857278509489e+01
5.446852499936223779e+01
5.502565451947688757e+01
5.555790532388103031e+01
5.609637466152163654e+01
5.663484399916224277e+01
5.724706670642357409e+01
5.780293438550924634e+01
5.840849534050398262e+01
5.897955944184421639e+01
5.957673178515451440e+01
6.000000000000000000e+01
